111111111111111111111111111111111
101000100010000000000000001000001
101010101010101111111111101011111
101010101000100000100000001010001
101010101111111110111110111010101
101010101000000010000010001000101
101010101111111011111011101011101
101010001000000010001000101000101
101011111011111010101110101111101
101010000010001010100010100000101
101010111110111011101010111110101
101010000010001010001010000010001
101011111011101010111011111011101
100010000010001010001000001010001
101110111110111011101111111011111
101010001000001000001000001000001
101010101110101111101011101111101
101000100010100000001000100010001
101110111011111110111110111010111
100010100000000010000010001010101
111010101111111011111110101010101
100010101000001000000010101000101
101111101010111111111011101111101
101000100010000000001000001000001
101010111111111111101111111111101
101010000000000000001000000000001
101011111111111111101010111111101
101000100000000000101010100000101
101110111111111010101110111011101
100010000010000010100000100010001
111011111010111111111111101110111
100000000010000000000000000000001
111111111111111111111111111111111
